0 476 236
476 476 64
476 477 61
477 477 65
477 477 48
477 477 43
477 477 41
477 477 35
477 477 35
477 477 35
477 477 35
477 477 38
477 477 35
477 477 34
477 477 31
477 477 35
477 477 30
477 477 31
477 477 35
477 477 34
477 477 34
477 477 32
477 477 32
477 477 31
477 477 30
477 477 31
477 477 29
477 477 31
477 477 30
477 478 41
478 478 31
478 478 31
478 478 34
478 478 32
478 478 50
478 478 31
477 477 31
477 477 31
477 477 31
477 477 35
477 478 36
477 477 31
477 477 31
477 477 31
477 477 31
477 477 31
477 477 31
477 477 31
477 477 30
477 477 30
477 477 31
477 477 31
477 478 35
477 477 36
477 477 34
477 477 30
477 477 30
477 477 49
477 477 34
477 479 35
478 479 48
477 477 38
477 477 30
476 476 30
476 476 34
476 476 29
476 476 40
476 476 29
476 476 42
476 476 29
476 476 30
476 476 30
476 476 29
476 476 29
476 476 29
476 476 29
476 476 30
476 476 29
476 476 29
476 476 32
476 476 33
476 476 33
476 476 33
476 476 32
476 476 33
476 476 32
476 476 40
476 476 32
476 476 45
476 477 41
477 477 31
477 477 31
477 482 35
477 477 31
477 477 31
477 477 30
476 476 30
476 476 30
476 476 30
476 476 30
476 476 30
476 476 29
476 476 38
476 476 29
476 476 29
476 476 38
476 476 28
476 476 28
476 476 28
476 476 28
476 476 29
476 476 29
476 476 28
476 476 42
476 476 29
476 476 28
476 476 39
476 476 28
476 476 32
476 476 28
476 476 28
476 476 28
476 476 28
476 476 27
476 476 32
476 476 28
476 476 42
476 476 27
476 476 32
476 476 28
476 476 32
476 476 32
476 476 32
476 476 50
476 476 28
476 476 31
476 476 31
476 476 46
476 476 31
476 476 31
476 476 32
476 476 31
476 476 46
476 476 31
476 476 31
476 476 31
476 476 36
476 476 47
476 476 32
476 479 35
476 477 32
477 477 31
477 477 31
477 478 32
478 478 32
478 478 43
477 477 39
477 477 31
477 478 31
478 478 31
478 478 31
478 478 31
478 478 31
478 478 31
478 478 31
478 478 31
478 478 30
478 478 31
478 478 40
478 478 46
478 478 43
478 478 39
478 478 31
478 478 31
478 478 31
478 478 30
478 478 31
478 478 30
478 483 28
478 478 30
478 478 30
478 478 30
478 478 30
478 478 30
478 478 47
478 478 42
478 478 42
478 478 30
478 478 30
478 478 29
478 478 30
478 478 30
478 478 29
478 478 29
478 478 29
478 478 29
478 478 29
478 478 29
478 478 29
478 478 40
478 478 40
478 478 36
478 478 29
478 478 29
478 478 29
478 478 29
478 478 30
478 478 29
476 476 30
476 476 29
476 477 32
477 477 29
477 477 29
477 477 36
477 477 41
477 477 40
476 476 49
476 476 33
476 476 29
476 476 29
476 476 29
476 476 29
476 476 29
476 476 29
476 476 29
476 476 28
476 476 28
476 476 29
476 476 28
476 476 36
476 476 41
476 476 36
476 476 28
476 476 33
476 476 28
476 476 28
476 476 28
476 476 32
476 476 28
476 476 28
476 476 28
476 476 28
476 476 28
476 476 41
476 476 39
476 476 39
476 476 37
476 476 29
476 476 28
476 476 32
476 476 28
476 476 28
476 476 28
476 476 28
476 476 28
476 476 28
476 476 28
476 476 28
475 476 44
476 476 39
476 476 39
476 476 28
476 476 28
475 476 28
476 476 28
476 476 28
476 476 32
476 476 28
476 476 28
476 477 28
477 477 28
477 477 28
477 477 39
477 477 45
477 477 38
476 476 37
476 476 41
476 476 41
476 476 41
476 476 44
476 476 41
476 476 41
476 476 44
476 476 46
476 476 43
476 476 44
476 476 44
476 476 54
476 476 55
476 476 51
476 476 44
476 476 43
476 476 43
476 476 44
476 476 43
476 476 43
476 476 42
476 477 47
476 476 42
476 476 43
476 476 43
476 476 43
476 476 52
476 476 53
476 476 54
476 476 43
476 476 42
476 476 43
476 476 43
476 476 42
476 476 42
476 476 46
476 476 42
476 476 42
476 476 42
476 476 42
476 476 43
476 476 54
476 476 59
476 476 53
476 476 43
476 476 42
476 476 43
476 476 42
476 476 41
476 476 40
476 476 46
476 476 41
476 476 41
476 477 72
477 477 41
477 477 41
477 477 53
477 478 66
477 477 60
476 476 60
476 476 44
476 476 44
476 477 41
476 476 43
476 476 44
476 476 45
476 476 45
476 476 47
476 476 44
476 476 44
476 476 44
476 476 44
476 476 44
476 476 44
476 476 56
476 476 51
476 476 52
476 477 48
476 476 44
476 476 44
476 476 44
476 476 44
476 476 44
476 478 44
477 478 44
476 476 44
476 476 44
476 476 44
476 476 44
476 476 44
476 476 44
476 476 44
476 476 57
476 476 54
476 476 56
476 476 54
476 476 44
476 476 44
476 476 44
476 476 44
476 476 44
476 476 44
476 476 44
476 476 44
476 476 44
476 476 44
476 476 44
476 476 44
476 476 44
476 476 44
476 476 53
476 476 51
476 476 59
476 477 76
477 477 44
477 477 44
477 477 43
477 477 43
477 477 43
476 476 43
476 476 43
476 476 43
476 476 43
476 477 44
476 476 43
476 476 43
476 476 43
476 476 43
476 476 55
476 476 51
476 476 54
476 476 50
476 476 43
476 476 43
476 476 43
476 476 43
476 476 43
476 476 43
476 476 43
476 476 43
476 476 43
476 476 43
476 476 43
476 476 42
476 476 42
476 476 55
476 476 55
476 476 54
476 476 55
476 476 43
476 476 43
476 476 43
476 476 43
476 476 43
476 476 43
476 476 42
476 476 42
476 476 44
476 476 42
476 476 42
476 476 42
476 476 42
476 476 42
476 476 52
476 476 53
476 476 54
476 476 52
476 476 42
476 476 34
476 476 34
476 476 40
476 476 42
476 476 41
476 477 53
477 477 42
477 477 41
477 477 46
477 477 42
477 477 42
476 476 41
476 476 42
476 476 41
476 476 41
476 476 41
476 476 49
476 476 53
476 476 54
474 474 56
474 474 53
474 474 41
474 474 41
474 474 41
474 474 41
474 474 41
474 474 42
474 474 42
474 474 41
474 474 42
474 474 46
474 474 45
474 474 45
474 474 45
474 475 45
475 475 44
475 475 45
475 475 44
475 475 50
475 475 52
475 475 59
475 475 56
475 475 54
475 475 45
475 475 45
475 475 45
475 475 45
475 475 45
475 475 45
475 475 44
475 475 45
475 475 45
475 475 44
475 475 45
475 475 44
475 475 44
475 475 44
