0 1511 324
1511 1514 238
1514 1515 205
1515 1515 172
1515 1515 142
1515 1515 122
1515 1515 137
1515 1515 114
1515 1515 114
1515 1515 128
1515 1515 112
1515 1515 112
1515 1515 126
1515 1515 112
1515 1515 112
1515 1515 111
1515 1515 127
1515 1515 111
1515 1515 111
1515 1515 126
1515 1515 109
1515 1515 96
1515 1515 113
1515 1515 95
1515 1515 99
1515 1515 127
1515 1515 100
1515 1515 99
1515 1515 125
1515 1516 104
1516 1516 102
1516 1516 123
1515 1515 103
1515 1515 102
1515 1515 104
1514 1514 103
1514 1514 116
1514 1514 101
1514 1514 102
1514 1514 116
1514 1514 102
1514 1514 102
1514 1514 122
1514 1514 102
1514 1514 116
1514 1514 102
1514 1514 102
1514 1514 118
1514 1514 102
1514 1514 122
1514 1514 102
1514 1514 101
1514 1514 115
1514 1514 105
1514 1514 118
1514 1514 101
1514 1514 106
1514 1514 101
1514 1514 100
1514 1515 116
1512 1540 164
1511 1511 125
1507 1507 117
1507 1507 127
1507 1507 107
1507 1507 102
1507 1507 103
1507 1507 103
1507 1507 103
1507 1507 102
1507 1507 118
1507 1507 102
1507 1507 117
1507 1507 102
1507 1507 117
1507 1507 101
1507 1507 117
1507 1507 101
1507 1507 115
1507 1507 102
1507 1507 116
1507 1507 101
1507 1507 117
1507 1507 101
1507 1507 112
1507 1507 102
1507 1507 102
1507 1507 124
1507 1507 156
1507 1508 170
1508 1508 154
1508 1508 165
1508 1508 158
1508 1508 168
1508 1509 144
1507 1507 151
1507 1507 148
1507 1507 138
1507 1507 156
1507 1507 138
1507 1507 147
1507 1507 138
1507 1507 138
1507 1507 146
1507 1507 138
1507 1507 137
1507 1507 149
1507 1507 138
1507 1507 155
1507 1507 156
1507 1508 137
1508 1508 156
1508 1508 145
1508 1508 136
1508 1508 150
1508 1508 137
1508 1509 135
1508 1508 150
1508 1508 136
1508 1508 137
1508 1508 149
1508 1508 149
1508 1508 135
1508 1508 147
1508 1508 153
1508 1508 138
1508 1508 138
1508 1508 154
1508 1508 149
1508 1508 139
1508 1508 152
1508 1508 149
1508 1508 139
1508 1508 138
1508 1508 149
1508 1508 149
1508 1508 139
1508 1508 138
1508 1508 150
1508 1508 150
1508 1508 148
1508 1508 139
1508 1508 138
1508 1508 156
1508 1508 156
1508 1508 165
1508 1508 139
1508 1508 139
1508 1508 153
1508 1509 163
1509 1509 153
1509 1509 151
1509 1510 162
1509 1510 155
1510 1510 138
1509 1509 140
1509 1509 138
1509 1510 154
1510 1510 144
1510 1510 150
1510 1510 149
1510 1510 151
1510 1510 146
1510 1510 150
1510 1510 149
1510 1510 151
1510 1510 149
1510 1510 137
1510 1510 137
1510 1510 136
1510 1510 137
1510 1510 137
1510 1510 142
1510 1510 148
1510 1510 146
1510 1510 145
1510 1513 143
1513 1513 151
1513 1513 149
1513 1513 145
1513 1513 147
1513 1513 149
1513 1513 145
1513 1513 137
1513 1513 136
1512 1512 136
1512 1512 137
1512 1512 145
1512 1512 144
1512 1512 148
1512 1512 145
1512 1512 145
1512 1512 144
1512 1512 150
1512 1512 149
1512 1512 154
1512 1512 151
1512 1512 143
1512 1512 136
1512 1512 137
1512 1512 137
1512 1512 137
1512 1512 148
1512 1512 145
1512 1512 143
1512 1512 148
1512 1512 147
1510 1510 178
1510 1510 150
1510 1511 162
1511 1511 153
1511 1511 151
1511 1511 143
1511 1511 136
1511 1511 135
1511 1511 135
1510 1510 136
1510 1510 146
1510 1510 143
1510 1510 144
1510 1510 144
1510 1510 146
1510 1510 141
1510 1510 144
1510 1510 146
1510 1510 143
1510 1510 143
1510 1510 141
1510 1510 136
1510 1510 136
1510 1510 136
1510 1510 136
1510 1510 145
1510 1510 146
1510 1510 147
1510 1510 145
1508 1508 151
1508 1508 147
1508 1508 150
1507 1507 150
1507 1507 151
1507 1507 153
1507 1507 140
1507 1507 135
1507 1507 138
1507 1507 139
1507 1507 139
1507 1507 152
1507 1507 151
1507 1507 150
1507 1507 152
1507 1507 151
1507 1507 155
1507 1507 152
1507 1507 149
1507 1507 156
1507 1507 151
1506 1506 138
1506 1507 138
1507 1507 137
1507 1507 138
1507 1507 149
1506 1506 150
1506 1507 148
1507 1507 150
1507 1507 152
1507 1507 160
1507 1507 150
1507 1507 158
1507 1508 145
1508 1508 146
1508 1508 138
1508 1508 137
1508 1508 138
1508 1508 137
1507 1507 138
1507 1507 145
1507 1507 148
1507 1507 151
1507 1508 147
1508 1508 150
1508 1508 148
1508 1508 144
1508 1508 146
1508 1508 146
1508 1508 146
1508 1508 135
1508 1508 135
1508 1508 135
1508 1508 135
1508 1508 145
1508 1508 143
1508 1508 141
1508 1508 147
1508 1508 144
1508 1508 148
1508 1508 150
1508 1508 145
1508 1508 148
1508 1508 152
1508 1508 147
1508 1508 138
1508 1508 139
1508 1508 138
1508 1508 138
1508 1508 150
1508 1508 150
1508 1508 149
1508 1508 156
1508 1508 154
1508 1508 150
1508 1508 152
1508 1508 151
1508 1508 153
1508 1508 150
1508 1508 139
1508 1508 139
1508 1508 138
1508 1508 139
1508 1508 139
1508 1508 153
1508 1508 150
1508 1508 150
1508 1508 509
1508 1508 145
1508 1508 148
1508 1508 150
1508 1508 146
1508 1508 166
1508 1509 151
1509 1509 157
1509 1509 142
1509 1509 137
1509 1509 140
1509 1509 137
1508 1508 141
1508 1508 136
1508 1508 147
1508 1508 151
1508 1508 152
1508 1508 148
1508 1508 147
1508 1508 148
1508 1508 146
1508 1508 148
1508 1508 145
1508 1508 153
1508 1508 150
1508 1508 149
1508 1508 140
1508 1508 139
1508 1508 140
1508 1508 139
1508 1508 140
1508 1508 147
1508 1508 148
1508 1508 154
1508 1508 153
1508 1508 153
1508 1509 154
1509 1537 146
1508 1508 148
1508 1508 147
1508 1508 147
1508 1508 151
1508 1508 151
1508 1508 147
1508 1508 139
1508 1508 139
1508 1508 139
1508 1508 139
1508 1508 139
1508 1508 146
1508 1508 146
1508 1508 154
1508 1508 151
1508 1508 150
1508 1508 149
1508 1508 148
1508 1508 149
1508 1508 150
1508 1508 150
1508 1508 150
1508 1508 151
1508 1508 148
1508 1508 139
1508 1508 138
1508 1508 142
1508 1508 142
1508 1509 142
1509 1509 150
1509 1509 153
1509 1509 157
1509 1509 157
1509 1509 157
1508 1508 155
1508 1508 153
1508 1508 152
1508 1508 149
1508 1508 152
1508 1508 153
1508 1508 153
1508 1508 149
1508 1508 142
1508 1508 142
1508 1508 141
1508 1508 141
1508 1508 141
1508 1508 154
1508 1509 152
1509 1509 151
1509 1509 152
1509 1509 154
1509 1509 155
1509 1509 152
1509 1509 153
1509 1509 152
1509 1509 151
1509 1509 156
1509 1509 156
1509 1509 140
1509 1509 141
1509 1509 140
1509 1509 141
1509 1509 141
1509 1509 152
1509 1509 152
1509 1509 153
1509 1509 153
1509 1509 152
1509 1509 151
1509 1509 156
1509 1509 156
1509 1509 156
1509 1509 155
1509 1509 154
1509 1509 151
1509 1509 148
1509 1509 140
1509 1509 139
1509 1509 140
1509 1509 139
1509 1509 139
1509 1509 460
1509 1509 125
1509 1509 124
1509 1509 129
1509 1509 151
1509 1509 153
1509 1510 154
1510 1510 151
1510 1510 150
1510 1510 150
1510 1510 170
1510 1510 153
1509 1509 153
1509 1509 150
1509 1509 149
1509 1509 148
1509 1509 138
1509 1509 139
1509 1509 139
1508 1508 139
1507 1507 142
1507 1507 142
1507 1507 154
1507 1507 155
1507 1507 152
1507 1507 156
1507 1507 151
1507 1507 151
1507 1507 151
1507 1507 152
1507 1507 147
1507 1507 153
1507 1507 151
1507 1507 155
1507 1508 151
1508 1508 151
1508 1508 152
1508 1508 148
1508 1508 141
1508 1508 140
1508 1508 146
1507 1507 140
1507 1507 140
1507 1507 140
1507 1507 151
1507 1507 151
1507 1507 151
1507 1507 146
1507 1509 149
1509 1509 154
1509 1509 155
1509 1509 151
1509 1509 151
1509 1509 146
1508 1508 151
1508 1508 153
1508 1508 154
1508 1508 149
1508 1508 150
1508 1508 148
1508 1508 139
1508 1508 138
1508 1508 139
