cpu0 8077898 121 2442180 504544358 260955 3354 669639 0 0
cpu1 7345181 139 2117144 506479717 161164 0 141757 0 0
cpu2 6358728 28 2030014 506918405 175105 3385 636355 0 0
cpu3 5797969 1 1966401 507787697 249537 2352 507291 0 0
cpu4 5162624 7 1717465 508267806 427113 2254 532857 0 0
cpu5 4906337 13 1755505 508092429 234930 2497 790520 0 0
cpu6 7160293 152 2896054 505274688 1142983 0 119781 0 0
cpu7 6622191 117 1646370 508017989 61114 0 101382 0 0
cpu8 5856792 3 1320663 509224208 34095 0 83485 0 0
cpu9 5274331 0 1149946 510052986 24822 0 68707 0 0
